0.980785 0.96194
0.975969 0.952515
0.971152 0.943136
0.966335 0.933804
0.961519 0.924518
0.956702 0.915279
0.951885 0.906086
0.947069 0.896939
0.942252 0.887839
0.937436 0.878785
0.932619 0.869778
0.927802 0.860817
0.922986 0.851903
0.918169 0.843034
0.913352 0.834213
0.908536 0.825437
0.903719 0.816708
0.898902 0.808026
0.894086 0.79939
0.889269 0.7908
0.884453 0.782256
0.879636 0.773759
0.874819 0.765309
0.870003 0.756905
0.865186 0.748547
0.860369 0.740236
0.855553 0.731971
0.850736 0.723752
0.84592 0.71558
0.841103 0.707454
0.836286 0.699375
0.83147 0.691342
0.83147 0.691342
0.82257 0.676621
0.81367 0.662058
0.80477 0.647654
0.79587 0.633409
0.78697 0.619321
0.77807 0.605393
0.76917 0.591622
0.76027 0.57801
0.75137 0.564557
0.74247 0.551261
0.73357 0.538125
0.72467 0.525146
0.71577 0.512327
0.70687 0.499665
0.69797 0.487162
0.68907 0.474817
0.68017 0.462631
0.67127 0.450603
0.66237 0.438734
0.65347 0.427023
0.64457 0.415471
0.63567 0.404076
0.62677 0.392841
0.61787 0.381763
0.60897 0.370845
0.60007 0.360084
0.59117 0.349482
0.58227 0.339039
0.57337 0.328753
0.56447 0.318627
0.55557 0.308658
0.55557 0.308658
0.543942 0.295873
0.532313 0.283358
0.520685 0.271113
0.509057 0.259139
0.497428 0.247435
0.4858 0.236002
0.474172 0.224839
0.462543 0.213946
0.450915 0.203324
0.439286 0.192973
0.427658 0.182891
0.41603 0.173081
0.404401 0.16354
0.392773 0.154271
0.381144 0.145271
0.369516 0.136542
0.357888 0.128084
0.346259 0.119896
0.334631 0.111978
0.323003 0.104331
0.311374 0.0969539
0.299746 0.0898475
0.288117 0.0830116
0.276489 0.0764462
0.264861 0.0701512
0.253232 0.0641266
0.241604 0.0583724
0.229975 0.0528887
0.218347 0.0476755
0.206719 0.0427326
0.19509 0.0380602
0.19509 0.0380602
0.182504 0.0333077
0.169917 0.0288719
0.157331 0.024753
0.144744 0.020951
0.132158 0.0174657
0.119571 0.0142973
0.106985 0.0114458
0.0943985 0.00891108
0.0818121 0.00669321
0.0692256 0.00479218
0.0566391 0.00320799
0.0440527 0.00194064
0.0314662 0.000990121
0.0188797 0.000356443
0.00629324 3.96048e-05
-0.00629324 3.96048e-05
-0.0188797 0.000356443
-0.0314662 0.000990121
-0.0440527 0.00194064
-0.0566391 0.00320799
-0.0692256 0.00479218
-0.0818121 0.00669321
-0.0943985 0.00891108
-0.106985 0.0114458
-0.119571 0.0142973
-0.132158 0.0174657
-0.144744 0.020951
-0.157331 0.024753
-0.169917 0.0288719
-0.182504 0.0333077
-0.19509 0.0380602
-0.19509 0.0380602
-0.206719 0.0427326
-0.218347 0.0476755
-0.229975 0.0528887
-0.241604 0.0583724
-0.253232 0.0641266
-0.264861 0.0701512
-0.276489 0.0764462
-0.288117 0.0830116
-0.299746 0.0898475
-0.311374 0.0969539
-0.323003 0.104331
-0.334631 0.111978
-0.346259 0.119896
-0.357888 0.128084
-0.369516 0.136542
-0.381144 0.145271
-0.392773 0.154271
-0.404401 0.16354
-0.41603 0.173081
-0.427658 0.182891
-0.439286 0.192973
-0.450915 0.203324
-0.462543 0.213946
-0.474172 0.224839
-0.4858 0.236002
-0.497428 0.247435
-0.509057 0.259139
-0.520685 0.271113
-0.532313 0.283358
-0.543942 0.295873
-0.55557 0.308658
-0.55557 0.308658
-0.56447 0.318627
-0.57337 0.328753
-0.58227 0.339039
-0.59117 0.349482
-0.60007 0.360084
-0.60897 0.370845
-0.61787 0.381763
-0.62677 0.392841
-0.63567 0.404076
-0.64457 0.415471
-0.65347 0.427023
-0.66237 0.438734
-0.67127 0.450603
-0.68017 0.462631
-0.68907 0.474817
-0.69797 0.487162
-0.70687 0.499665
-0.71577 0.512327
-0.72467 0.525146
-0.73357 0.538125
-0.74247 0.551261
-0.75137 0.564557
-0.76027 0.57801
-0.76917 0.591622
-0.77807 0.605393
-0.78697 0.619321
-0.79587 0.633409
-0.80477 0.647654
-0.81367 0.662058
-0.82257 0.676621
-0.83147 0.691342
-0.83147 0.691342
-0.836286 0.699375
-0.841103 0.707454
-0.84592 0.71558
-0.850736 0.723752
-0.855553 0.731971
-0.860369 0.740236
-0.865186 0.748547
-0.870003 0.756905
-0.874819 0.765309
-0.879636 0.773759
-0.884453 0.782256
-0.889269 0.7908
-0.894086 0.79939
-0.898902 0.808026
-0.903719 0.816708
-0.908536 0.825437
-0.913352 0.834213
-0.918169 0.843034
-0.922986 0.851903
-0.927802 0.860817
-0.932619 0.869778
-0.937436 0.878785
-0.942252 0.887839
-0.947069 0.896939
-0.951885 0.906086
-0.956702 0.915279
-0.961519 0.924518
-0.966335 0.933804
-0.971152 0.943136
-0.975969 0.952515
-0.980785 0.96194
