0.999925 0.999849
0.999322 0.998645
0.999322 0.998645
0.998118 0.99624
0.998118 0.99624
0.996313 0.992639
0.996313 0.992639
0.993907 0.987851
0.993907 0.987851
0.990903 0.981888
0.990903 0.981888
0.987301 0.974764
0.987301 0.974764
0.983105 0.966496
0.983105 0.966496
0.978317 0.957105
0.978317 0.957105
0.97294 0.946612
0.97294 0.946612
0.966976 0.935043
0.966976 0.935043
0.960431 0.922427
0.960431 0.922427
0.953306 0.908792
0.953306 0.908792
0.945607 0.894173
0.945607 0.894173
0.937339 0.878604
0.937339 0.878604
0.928506 0.862124
0.928506 0.862124
0.919114 0.84477
0.919114 0.84477
0.909168 0.826586
0.909168 0.826586
0.898674 0.807616
0.898674 0.807616
0.88764 0.787904
0.88764 0.787904
0.87607 0.767499
0.87607 0.767499
0.863973 0.746449
0.863973 0.746449
0.851355 0.724806
0.851355 0.724806
0.838225 0.702621
0.838225 0.702621
0.824589 0.679948
0.824589 0.679948
0.810457 0.656841
0.810457 0.656841
0.795837 0.633356
0.795837 0.633356
0.780737 0.609551
0.780737 0.609551
0.765167 0.585481
0.765167 0.585481
0.749136 0.561205
0.749136 0.561205
0.732654 0.536782
0.732654 0.536782
0.715731 0.512271
0.715731 0.512271
0.698376 0.487729
0.698376 0.487729
0.680601 0.463218
0.680601 0.463218
0.662416 0.438795
0.662416 0.438795
0.643832 0.414519
0.643832 0.414519
0.624859 0.390449
0.624859 0.390449
0.605511 0.366644
0.605511 0.366644
0.585798 0.343159
0.585798 0.343159
0.565732 0.320052
0.565732 0.320052
0.545325 0.297379
0.545325 0.297379
0.52459 0.275194
0.52459 0.275194
0.503538 0.253551
0.503538 0.253551
0.482184 0.232501
0.482184 0.232501
0.460539 0.212096
0.460539 0.212096
0.438616 0.192384
0.438616 0.192384
0.41643 0.173414
0.41643 0.173414
0.393992 0.15523
0.393992 0.15523
0.371317 0.137876
0.371317 0.137876
0.348419 0.121396
0.348419 0.121396
0.32531 0.105827
0.32531 0.105827
0.302006 0.0912076
0.302006 0.0912076
0.27852 0.0775732
0.27852 0.0775732
0.254866 0.0649565
0.254866 0.0649565
0.231058 0.0533878
0.231058 0.0533878
0.207111 0.0428951
0.207111 0.0428951
0.18304 0.0335036
0.18304 0.0335036
0.158858 0.0252359
0.158858 0.0252359
0.134581 0.018112
0.134581 0.018112
0.110222 0.0121489
0.110222 0.0121489
0.0857973 0.00736118
0.0857973 0.00736118
0.0613207 0.00376023
0.0613207 0.00376023
0.0368072 0.00135477
0.0368072 0.00135477
0.0122715 0.000150591
0.0122715 0.000150591
-0.0122715 0.000150591
-0.0122715 0.000150591
-0.0368072 0.00135477
-0.0368072 0.00135477
-0.0613207 0.00376023
-0.0613207 0.00376023
-0.0857973 0.00736118
-0.0857973 0.00736118
-0.110222 0.0121489
-0.110222 0.0121489
-0.134581 0.018112
-0.134581 0.018112
-0.158858 0.0252359
-0.158858 0.0252359
-0.18304 0.0335036
-0.18304 0.0335036
-0.207111 0.0428951
-0.207111 0.0428951
-0.231058 0.0533878
-0.231058 0.0533878
-0.254866 0.0649565
-0.254866 0.0649565
-0.27852 0.0775732
-0.27852 0.0775732
-0.302006 0.0912076
-0.302006 0.0912076
-0.32531 0.105827
-0.32531 0.105827
-0.348419 0.121396
-0.348419 0.121396
-0.371317 0.137876
-0.371317 0.137876
-0.393992 0.15523
-0.393992 0.15523
-0.41643 0.173414
-0.41643 0.173414
-0.438616 0.192384
-0.438616 0.192384
-0.460539 0.212096
-0.460539 0.212096
-0.482184 0.232501
-0.482184 0.232501
-0.503538 0.253551
-0.503538 0.253551
-0.52459 0.275194
-0.52459 0.275194
-0.545325 0.297379
-0.545325 0.297379
-0.565732 0.320052
-0.565732 0.320052
-0.585798 0.343159
-0.585798 0.343159
-0.605511 0.366644
-0.605511 0.366644
-0.624859 0.390449
-0.624859 0.390449
-0.643832 0.414519
-0.643832 0.414519
-0.662416 0.438795
-0.662416 0.438795
-0.680601 0.463218
-0.680601 0.463218
-0.698376 0.487729
-0.698376 0.487729
-0.715731 0.512271
-0.715731 0.512271
-0.732654 0.536782
-0.732654 0.536782
-0.749136 0.561205
-0.749136 0.561205
-0.765167 0.585481
-0.765167 0.585481
-0.780737 0.609551
-0.780737 0.609551
-0.795837 0.633356
-0.795837 0.633356
-0.810457 0.656841
-0.810457 0.656841
-0.824589 0.679948
-0.824589 0.679948
-0.838225 0.702621
-0.838225 0.702621
-0.851355 0.724806
-0.851355 0.724806
-0.863973 0.746449
-0.863973 0.746449
-0.87607 0.767499
-0.87607 0.767499
-0.88764 0.787904
-0.88764 0.787904
-0.898674 0.807616
-0.898674 0.807616
-0.909168 0.826586
-0.909168 0.826586
-0.919114 0.84477
-0.919114 0.84477
-0.928506 0.862124
-0.928506 0.862124
-0.937339 0.878604
-0.937339 0.878604
-0.945607 0.894173
-0.945607 0.894173
-0.953306 0.908792
-0.953306 0.908792
-0.960431 0.922427
-0.960431 0.922427
-0.966976 0.935043
-0.966976 0.935043
-0.97294 0.946612
-0.97294 0.946612
-0.978317 0.957105
-0.978317 0.957105
-0.983105 0.966496
-0.983105 0.966496
-0.987301 0.974764
-0.987301 0.974764
-0.990903 0.981888
-0.990903 0.981888
-0.993907 0.987851
-0.993907 0.987851
-0.996313 0.992639
-0.996313 0.992639
-0.998118 0.99624
-0.998118 0.99624
-0.999322 0.998645
-0.999322 0.998645
-0.999925 0.999849
