0.999699 0.999398
0.998896 0.997793
0.998093 0.99619
0.99729 0.994588
0.99729 0.994588
0.995687 0.991392
0.994083 0.988201
0.99248 0.985016
0.99248 0.985016
0.990079 0.980256
0.987678 0.975508
0.985278 0.970772
0.985278 0.970772
0.982086 0.964493
0.978894 0.958233
0.975702 0.951995
0.975702 0.951995
0.971727 0.944253
0.967751 0.936543
0.963776 0.928864
0.963776 0.928864
0.959027 0.919732
0.954277 0.910646
0.949528 0.901604
0.949528 0.901604
0.944016 0.891167
0.938505 0.880791
0.932993 0.870476
0.932993 0.870476
0.926732 0.858832
0.920471 0.847266
0.91421 0.835779
0.91421 0.835779
0.907215 0.823038
0.900219 0.810395
0.893224 0.79785
0.893224 0.79785
0.885512 0.784131
0.877799 0.770532
0.870087 0.757051
0.870087 0.757051
0.861676 0.742485
0.853265 0.728061
0.844854 0.713778
0.844854 0.713778
0.835764 0.698501
0.826674 0.683391
0.817585 0.668445
0.817585 0.668445
0.807839 0.652603
0.798093 0.636952
0.788346 0.62149
0.788346 0.62149
0.777967 0.605233
0.767588 0.589191
0.757209 0.573365
0.757209 0.573365
0.746222 0.556847
0.735234 0.54057
0.724247 0.524534
0.724247 0.524534
0.712678 0.50791
0.701109 0.491554
0.689541 0.475466
0.689541 0.475466
0.677418 0.458895
0.665295 0.442618
0.653173 0.426635
0.653173 0.426635
0.640526 0.410273
0.627879 0.394232
0.615232 0.37851
0.615232 0.37851
0.60209 0.362513
0.588949 0.346861
0.575808 0.331555
0.575808 0.331555
0.562205 0.316074
0.548601 0.300963
0.534998 0.286222
0.534998 0.286222
0.520964 0.271404
0.506931 0.256979
0.492898 0.242949
0.492898 0.242949
0.478469 0.228933
0.46404 0.215333
0.449611 0.20215
0.449611 0.20215
0.434821 0.18907
0.420031 0.176426
0.405241 0.164221
0.405241 0.164221
0.390126 0.152198
0.37501 0.140633
0.359895 0.129524
0.359895 0.129524
0.344491 0.118674
0.329086 0.108298
0.313682 0.0983962
0.313682 0.0983962
0.298025 0.0888191
0.282369 0.0797323
0.266713 0.0711357
0.266713 0.0711357
0.250842 0.0629218
0.234972 0.0552117
0.219101 0.0480054
0.219101 0.0480054
0.203055 0.0412312
0.187008 0.0349721
0.170962 0.029228
0.170962 0.029228
0.154778 0.0239563
0.138594 0.0192084
0.122411 0.0149844
0.122411 0.0149844
0.106129 0.0112633
0.0898466 0.00807241
0.0735646 0.00541175
0.0735646 0.00541175
0.0572235 0.00327452
0.0408823 0.00167137
0.0245412 0.000602272
0.0245412 0.000602272
0.00818041 6.69191e-05
-0.00818041 6.69191e-05
-0.0245412 0.000602272
-0.0245412 0.000602272
-0.0408823 0.00167137
-0.0572235 0.00327452
-0.0735646 0.00541175
-0.0735646 0.00541175
-0.0898466 0.00807241
-0.106129 0.0112633
-0.122411 0.0149844
-0.122411 0.0149844
-0.138594 0.0192084
-0.154778 0.0239563
-0.170962 0.029228
-0.170962 0.029228
-0.187008 0.0349721
-0.203055 0.0412312
-0.219101 0.0480054
-0.219101 0.0480054
-0.234972 0.0552117
-0.250842 0.0629218
-0.266713 0.0711357
-0.266713 0.0711357
-0.282369 0.0797323
-0.298025 0.0888191
-0.313682 0.0983962
-0.313682 0.0983962
-0.329086 0.108298
-0.344491 0.118674
-0.359895 0.129524
-0.359895 0.129524
-0.37501 0.140633
-0.390126 0.152198
-0.405241 0.164221
-0.405241 0.164221
-0.420031 0.176426
-0.434821 0.18907
-0.449611 0.20215
-0.449611 0.20215
-0.46404 0.215333
-0.478469 0.228933
-0.492898 0.242949
-0.492898 0.242949
-0.506931 0.256979
-0.520964 0.271404
-0.534998 0.286222
-0.534998 0.286222
-0.548601 0.300963
-0.562205 0.316074
-0.575808 0.331555
-0.575808 0.331555
-0.588949 0.346861
-0.60209 0.362513
-0.615232 0.37851
-0.615232 0.37851
-0.627879 0.394232
-0.640526 0.410273
-0.653173 0.426635
-0.653173 0.426635
-0.665295 0.442618
-0.677418 0.458895
-0.689541 0.475466
-0.689541 0.475466
-0.701109 0.491554
-0.712678 0.50791
-0.724247 0.524534
-0.724247 0.524534
-0.735234 0.54057
-0.746222 0.556847
-0.757209 0.573365
-0.757209 0.573365
-0.767588 0.589191
-0.777967 0.605233
-0.788346 0.62149
-0.788346 0.62149
-0.798093 0.636952
-0.807839 0.652603
-0.817585 0.668445
-0.817585 0.668445
-0.826674 0.683391
-0.835764 0.698501
-0.844854 0.713778
-0.844854 0.713778
-0.853265 0.728061
-0.861676 0.742485
-0.870087 0.757051
-0.870087 0.757051
-0.877799 0.770532
-0.885512 0.784131
-0.893224 0.79785
-0.893224 0.79785
-0.900219 0.810395
-0.907215 0.823038
-0.91421 0.835779
-0.91421 0.835779
-0.920471 0.847266
-0.926732 0.858832
-0.932993 0.870476
-0.932993 0.870476
-0.938505 0.880791
-0.944016 0.891167
-0.949528 0.901604
-0.949528 0.901604
-0.954277 0.910646
-0.959027 0.919732
-0.963776 0.928864
-0.963776 0.928864
-0.967751 0.936543
-0.971727 0.944253
-0.975702 0.951995
-0.975702 0.951995
-0.978894 0.958233
-0.982086 0.964493
-0.985278 0.970772
-0.985278 0.970772
-0.987678 0.975508
-0.990079 0.980256
-0.99248 0.985016
-0.99248 0.985016
-0.994083 0.988201
-0.995687 0.991392
-0.99729 0.994588
-0.99729 0.994588
-0.998093 0.99619
-0.998896 0.997793
-0.999699 0.999398
