0.92388 0.853553
0.915289 0.837754
0.906699 0.822103
0.898108 0.806598
0.889518 0.791242
0.880927 0.776033
0.872337 0.760972
0.863747 0.746058
0.855156 0.731292
0.846566 0.716674
0.837975 0.702203
0.829385 0.687879
0.820795 0.673704
0.812204 0.659676
0.803614 0.645795
0.795023 0.632062
0.786433 0.618477
0.777842 0.605039
0.769252 0.591749
0.760662 0.578606
0.752071 0.565611
0.743481 0.552764
0.73489 0.540064
0.7263 0.527512
0.71771 0.515107
0.709119 0.50285
0.700529 0.490741
0.691938 0.478779
0.683348 0.466964
0.674758 0.455298
0.666167 0.443779
0.657577 0.432407
0.648986 0.421183
0.640396 0.410107
0.631805 0.399178
0.623215 0.388397
0.614625 0.377763
0.606034 0.367277
0.597444 0.356939
0.588853 0.346748
0.580263 0.336705
0.571673 0.32681
0.563082 0.317061
0.554492 0.307461
0.545901 0.298008
0.537311 0.288703
0.52872 0.279545
0.52013 0.270535
0.51154 0.261673
0.502949 0.252958
0.494359 0.244391
0.485768 0.235971
0.477178 0.227699
0.468588 0.219574
0.459997 0.211597
0.451407 0.203768
0.442816 0.196086
0.434226 0.188552
0.425636 0.181166
0.417045 0.173927
0.408455 0.166835
0.399864 0.159891
0.391274 0.153095
0.382683 0.146447
0.382683 0.146447
0.370535 0.137296
0.358386 0.128441
0.346237 0.11988
0.334089 0.111615
0.32194 0.103645
0.309791 0.0959707
0.297643 0.0885912
0.285494 0.0815068
0.273345 0.0747177
0.261197 0.0682237
0.249048 0.0620249
0.236899 0.0561213
0.224751 0.0505128
0.212602 0.0451996
0.200453 0.0401815
0.188305 0.0354586
0.176156 0.0310309
0.164007 0.0268984
0.151859 0.023061
0.13971 0.0195188
0.127561 0.0162718
0.115412 0.01332
0.103264 0.0106634
0.0911151 0.00830196
0.0789664 0.0062357
0.0668177 0.00446461
0.0546691 0.00298871
0.0425204 0.00180798
0.0303717 0.00092244
0.018223 0.000332078
0.00607434 3.68976e-05
-0.00607434 3.68976e-05
-0.018223 0.000332078
-0.0303717 0.00092244
-0.0425204 0.00180798
-0.0546691 0.00298871
-0.0668177 0.00446461
-0.0789664 0.0062357
-0.0911151 0.00830196
-0.103264 0.0106634
-0.115412 0.01332
-0.127561 0.0162718
-0.13971 0.0195188
-0.151859 0.023061
-0.164007 0.0268984
-0.176156 0.0310309
-0.188305 0.0354586
-0.200453 0.0401815
-0.212602 0.0451996
-0.224751 0.0505128
-0.236899 0.0561213
-0.249048 0.0620249
-0.261197 0.0682237
-0.273345 0.0747177
-0.285494 0.0815068
-0.297643 0.0885912
-0.309791 0.0959707
-0.32194 0.103645
-0.334089 0.111615
-0.346237 0.11988
-0.358386 0.128441
-0.370535 0.137296
-0.382683 0.146447
-0.382683 0.146447
-0.391274 0.153095
-0.399864 0.159891
-0.408455 0.166835
-0.417045 0.173927
-0.425636 0.181166
-0.434226 0.188552
-0.442816 0.196086
-0.451407 0.203768
-0.459997 0.211597
-0.468588 0.219574
-0.477178 0.227699
-0.485768 0.235971
-0.494359 0.244391
-0.502949 0.252958
-0.51154 0.261673
-0.52013 0.270535
-0.52872 0.279545
-0.537311 0.288703
-0.545901 0.298008
-0.554492 0.307461
-0.563082 0.317061
-0.571673 0.32681
-0.580263 0.336705
-0.588853 0.346748
-0.597444 0.356939
-0.606034 0.367277
-0.614625 0.377763
-0.623215 0.388397
-0.631805 0.399178
-0.640396 0.410107
-0.648986 0.421183
-0.657577 0.432407
-0.666167 0.443779
-0.674758 0.455298
-0.683348 0.466964
-0.691938 0.478779
-0.700529 0.490741
-0.709119 0.50285
-0.71771 0.515107
-0.7263 0.527512
-0.73489 0.540064
-0.743481 0.552764
-0.752071 0.565611
-0.760662 0.578606
-0.769252 0.591749
-0.777842 0.605039
-0.786433 0.618477
-0.795023 0.632062
-0.803614 0.645795
-0.812204 0.659676
-0.820795 0.673704
-0.829385 0.687879
-0.837975 0.702203
-0.846566 0.716674
-0.855156 0.731292
-0.863747 0.746058
-0.872337 0.760972
-0.880927 0.776033
-0.889518 0.791242
-0.898108 0.806598
-0.906699 0.822103
-0.915289 0.837754
-0.92388 0.853553
