0.995185 0.990393
0.992635 0.985324
0.990085 0.980269
0.987536 0.975227
0.984986 0.970198
0.982437 0.965182
0.979887 0.960178
0.977337 0.955188
0.974788 0.950211
0.972238 0.945247
0.969688 0.940296
0.967139 0.935358
0.964589 0.930432
0.96204 0.92552
0.95949 0.920621
0.95694 0.915735
0.95694 0.915735
0.951939 0.906188
0.946938 0.896691
0.941937 0.887244
0.936935 0.877848
0.931934 0.868501
0.926933 0.859204
0.921931 0.849958
0.91693 0.840761
0.911929 0.831614
0.906928 0.822518
0.901926 0.813471
0.896925 0.804475
0.891924 0.795528
0.886923 0.786632
0.881921 0.777785
0.881921 0.777785
0.874661 0.765031
0.8674 0.752382
0.860139 0.739839
0.852878 0.727402
0.845618 0.715069
0.838357 0.702842
0.831096 0.690721
0.823835 0.678705
0.816575 0.666794
0.809314 0.654989
0.802053 0.64329
0.794793 0.631695
0.787532 0.620206
0.780271 0.608823
0.77301 0.597545
0.77301 0.597545
0.763769 0.583344
0.754528 0.569313
0.745287 0.555453
0.736046 0.541764
0.726805 0.528245
0.717564 0.514897
0.708322 0.501721
0.699081 0.488715
0.68984 0.475879
0.680599 0.463215
0.671358 0.450721
0.662117 0.438399
0.652876 0.426247
0.643634 0.414265
0.634393 0.402455
0.634393 0.402455
0.623527 0.388786
0.61266 0.375353
0.601794 0.362156
0.590928 0.349195
0.580061 0.336471
0.569195 0.323983
0.558328 0.31173
0.547462 0.299714
0.536595 0.287935
0.525729 0.276391
0.514862 0.265083
0.503996 0.254012
0.49313 0.243177
0.482263 0.232578
0.471397 0.222215
0.471397 0.222215
0.459323 0.210977
0.447248 0.200031
0.435174 0.189377
0.4231 0.179014
0.411026 0.168942
0.398952 0.159163
0.386878 0.149674
0.374804 0.140478
0.36273 0.131573
0.350655 0.122959
0.338581 0.114637
0.326507 0.106607
0.314433 0.0988681
0.302359 0.0914209
0.290285 0.0842652
0.290285 0.0842652
0.277467 0.0769878
0.264649 0.0700391
0.251831 0.0634189
0.239013 0.0571274
0.226195 0.0511644
0.213378 0.04553
0.20056 0.0402242
0.187742 0.0352471
0.174924 0.0305985
0.162106 0.0262785
0.149288 0.0222871
0.136471 0.0186242
0.123653 0.01529
0.110835 0.0122844
0.0980171 0.00960736
0.0980171 0.00960736
0.0849482 0.00721619
0.0718792 0.00516662
0.0588103 0.00345865
0.0457413 0.00209227
0.0326724 0.00106748
0.0196034 0.000384294
0.00653448 4.26994e-05
-0.00653448 4.26994e-05
-0.0196034 0.000384294
-0.0326724 0.00106748
-0.0457413 0.00209227
-0.0588103 0.00345865
-0.0718792 0.00516662
-0.0849482 0.00721619
-0.0980171 0.00960736
-0.0980171 0.00960736
-0.110835 0.0122844
-0.123653 0.01529
-0.136471 0.0186242
-0.149288 0.0222871
-0.162106 0.0262785
-0.174924 0.0305985
-0.187742 0.0352471
-0.20056 0.0402242
-0.213378 0.04553
-0.226195 0.0511644
-0.239013 0.0571274
-0.251831 0.0634189
-0.264649 0.0700391
-0.277467 0.0769878
-0.290285 0.0842652
-0.290285 0.0842652
-0.302359 0.0914209
-0.314433 0.0988681
-0.326507 0.106607
-0.338581 0.114637
-0.350655 0.122959
-0.36273 0.131573
-0.374804 0.140478
-0.386878 0.149674
-0.398952 0.159163
-0.411026 0.168942
-0.4231 0.179014
-0.435174 0.189377
-0.447248 0.200031
-0.459323 0.210977
-0.471397 0.222215
-0.471397 0.222215
-0.482263 0.232578
-0.49313 0.243177
-0.503996 0.254012
-0.514862 0.265083
-0.525729 0.276391
-0.536595 0.287935
-0.547462 0.299714
-0.558328 0.31173
-0.569195 0.323983
-0.580061 0.336471
-0.590928 0.349195
-0.601794 0.362156
-0.61266 0.375353
-0.623527 0.388786
-0.634393 0.402455
-0.634393 0.402455
-0.643634 0.414265
-0.652876 0.426247
-0.662117 0.438399
-0.671358 0.450721
-0.680599 0.463215
-0.68984 0.475879
-0.699081 0.488715
-0.708322 0.501721
-0.717564 0.514897
-0.726805 0.528245
-0.736046 0.541764
-0.745287 0.555453
-0.754528 0.569313
-0.763769 0.583344
-0.77301 0.597545
-0.77301 0.597545
-0.780271 0.608823
-0.787532 0.620206
-0.794793 0.631695
-0.802053 0.64329
-0.809314 0.654989
-0.816575 0.666794
-0.823835 0.678705
-0.831096 0.690721
-0.838357 0.702842
-0.845618 0.715069
-0.852878 0.727402
-0.860139 0.739839
-0.8674 0.752382
-0.874661 0.765031
-0.881921 0.777785
-0.881921 0.777785
-0.886923 0.786632
-0.891924 0.795528
-0.896925 0.804475
-0.901926 0.813471
-0.906928 0.822518
-0.911929 0.831614
-0.91693 0.840761
-0.921931 0.849958
-0.926933 0.859204
-0.931934 0.868501
-0.936935 0.877848
-0.941937 0.887244
-0.946938 0.896691
-0.951939 0.906188
-0.95694 0.915735
-0.95694 0.915735
-0.95949 0.920621
-0.96204 0.92552
-0.964589 0.930432
-0.967139 0.935358
-0.969688 0.940296
-0.972238 0.945247
-0.974788 0.950211
-0.977337 0.955188
-0.979887 0.960178
-0.982437 0.965182
-0.984986 0.970198
-0.987536 0.975227
-0.990085 0.980269
-0.992635 0.985324
-0.995185 0.990393
