0.998795 0.997592
0.997421 0.994849
0.996047 0.99211
0.994673 0.989374
0.993299 0.986643
0.991925 0.983915
0.990551 0.981191
0.989177 0.97847
0.989177 0.97847
0.986441 0.973067
0.983706 0.967678
0.980971 0.962305
0.978236 0.956946
0.975501 0.951603
0.972766 0.946274
0.970031 0.940961
0.970031 0.940961
0.965962 0.933082
0.961892 0.925236
0.957822 0.917424
0.953753 0.909645
0.949683 0.901898
0.945614 0.894185
0.941544 0.886505
0.941544 0.886505
0.936179 0.876431
0.930814 0.866415
0.925449 0.856456
0.920084 0.846555
0.914719 0.836711
0.909354 0.826925
0.903989 0.817197
0.903989 0.817197
0.897381 0.805292
0.890772 0.793475
0.884163 0.781745
0.877555 0.770102
0.870946 0.758547
0.864337 0.747079
0.857729 0.735698
0.857729 0.735698
0.84994 0.722398
0.842151 0.709219
0.834362 0.696161
0.826574 0.683224
0.818785 0.670409
0.810996 0.657715
0.803208 0.645142
0.803208 0.645142
0.794314 0.630934
0.78542 0.616885
0.776526 0.602993
0.767632 0.58926
0.758739 0.575684
0.749845 0.562267
0.740951 0.549009
0.740951 0.549009
0.731038 0.534416
0.721125 0.520021
0.711212 0.505822
0.701298 0.49182
0.691385 0.478014
0.681472 0.464404
0.671559 0.450991
0.671559 0.450991
0.660722 0.436553
0.649885 0.42235
0.639048 0.408382
0.628211 0.394649
0.617373 0.38115
0.606536 0.367886
0.595699 0.354858
0.595699 0.354858
0.584043 0.341106
0.572386 0.327626
0.560729 0.314417
0.549073 0.301481
0.537416 0.288816
0.525759 0.276423
0.514103 0.264302
0.514103 0.264302
0.501739 0.251742
0.489375 0.239488
0.477011 0.227539
0.464647 0.215897
0.452283 0.20456
0.439919 0.193529
0.427555 0.182803
0.427555 0.182803
0.414603 0.171896
0.401651 0.161323
0.388699 0.151087
0.375746 0.141185
0.362794 0.13162
0.349842 0.122389
0.33689 0.113495
0.33689 0.113495
0.323474 0.104636
0.310059 0.0961363
0.296643 0.087997
0.283227 0.0802176
0.269812 0.0727983
0.256396 0.0657388
0.24298 0.0590394
0.24298 0.0590394
0.22923 0.0525465
0.21548 0.0464317
0.20173 0.0406951
0.18798 0.0353366
0.17423 0.0303562
0.16048 0.025754
0.14673 0.0215298
0.14673 0.0215298
0.132779 0.0176302
0.118827 0.0141198
0.104875 0.0109988
0.0909232 0.00826702
0.0769713 0.00592459
0.0630195 0.00397146
0.0490677 0.00240764
0.0490677 0.00240764
0.0350483 0.00122839
0.021029 0.000442219
0.00700967 4.91354e-05
-0.00700967 4.91354e-05
-0.021029 0.000442219
-0.0350483 0.00122839
-0.0490677 0.00240764
-0.0490677 0.00240764
-0.0630195 0.00397146
-0.0769713 0.00592459
-0.0909232 0.00826702
-0.104875 0.0109988
-0.118827 0.0141198
-0.132779 0.0176302
-0.14673 0.0215298
-0.14673 0.0215298
-0.16048 0.025754
-0.17423 0.0303562
-0.18798 0.0353366
-0.20173 0.0406951
-0.21548 0.0464317
-0.22923 0.0525465
-0.24298 0.0590394
-0.24298 0.0590394
-0.256396 0.0657388
-0.269812 0.0727983
-0.283227 0.0802176
-0.296643 0.087997
-0.310059 0.0961363
-0.323474 0.104636
-0.33689 0.113495
-0.33689 0.113495
-0.349842 0.122389
-0.362794 0.13162
-0.375746 0.141185
-0.388699 0.151087
-0.401651 0.161323
-0.414603 0.171896
-0.427555 0.182803
-0.427555 0.182803
-0.439919 0.193529
-0.452283 0.20456
-0.464647 0.215897
-0.477011 0.227539
-0.489375 0.239488
-0.501739 0.251742
-0.514103 0.264302
-0.514103 0.264302
-0.525759 0.276423
-0.537416 0.288816
-0.549073 0.301481
-0.560729 0.314417
-0.572386 0.327626
-0.584043 0.341106
-0.595699 0.354858
-0.595699 0.354858
-0.606536 0.367886
-0.617373 0.38115
-0.628211 0.394649
-0.639048 0.408382
-0.649885 0.42235
-0.660722 0.436553
-0.671559 0.450991
-0.671559 0.450991
-0.681472 0.464404
-0.691385 0.478014
-0.701298 0.49182
-0.711212 0.505822
-0.721125 0.520021
-0.731038 0.534416
-0.740951 0.549009
-0.740951 0.549009
-0.749845 0.562267
-0.758739 0.575684
-0.767632 0.58926
-0.776526 0.602993
-0.78542 0.616885
-0.794314 0.630934
-0.803208 0.645142
-0.803208 0.645142
-0.810996 0.657715
-0.818785 0.670409
-0.826574 0.683224
-0.834362 0.696161
-0.842151 0.709219
-0.84994 0.722398
-0.857729 0.735698
-0.857729 0.735698
-0.864337 0.747079
-0.870946 0.758547
-0.877555 0.770102
-0.884163 0.781745
-0.890772 0.793475
-0.897381 0.805292
-0.903989 0.817197
-0.903989 0.817197
-0.909354 0.826925
-0.914719 0.836711
-0.920084 0.846555
-0.925449 0.856456
-0.930814 0.866415
-0.936179 0.876431
-0.941544 0.886505
-0.941544 0.886505
-0.945614 0.894185
-0.949683 0.901898
-0.953753 0.909645
-0.957822 0.917424
-0.961892 0.925236
-0.965962 0.933082
-0.970031 0.940961
-0.970031 0.940961
-0.972766 0.946274
-0.975501 0.951603
-0.978236 0.956946
-0.980971 0.962305
-0.983706 0.967678
-0.986441 0.973067
-0.989177 0.97847
-0.989177 0.97847
-0.990551 0.981191
-0.991925 0.983915
-0.993299 0.986643
-0.994673 0.989374
-0.996047 0.99211
-0.997421 0.994849
-0.998795 0.997592
