-1 0.5
-0.959184 0.520891
-0.918367 0.542511
-0.877551 0.564946
-0.836735 0.588186
-0.795918 0.612182
-0.755102 0.636868
-0.714286 0.662163
-0.673469 0.687967
-0.632653 0.714159
-0.591837 0.740592
-0.55102 0.767092
-0.510204 0.793456
-0.469388 0.819454
-0.428571 0.844828
-0.387755 0.869298
-0.346939 0.892565
-0.306122 0.914318
-0.265306 0.934241
-0.22449 0.952022
-0.183673 0.967365
-0.142857 0.98
-0.102041 0.989695
-0.0612245 0.996266
-0.0204082 0.999584
0.0204082 0.999584
0.0612245 0.996266
0.102041 0.989695
0.142857 0.98
0.183673 0.967365
0.22449 0.952022
0.265306 0.934241
0.306122 0.914318
0.346939 0.892565
0.387755 0.869298
0.428571 0.844828
0.469388 0.819454
0.510204 0.793456
0.55102 0.767092
0.591837 0.740592
0.632653 0.714159
0.673469 0.687967
0.714286 0.662163
0.755102 0.636868
0.795918 0.612182
0.836735 0.588186
0.877551 0.564946
0.918367 0.542511
0.959184 0.520891
1 0.5
