-3 0.641105
-2.87755 3.7507
-2.7551 2.33016
-2.63265 0.8795
-2.5102 0.303839
-2.38776 0.332709
-2.26531 0.54753
-2.14286 0.702462
-2.02041 0.737263
-1.89796 0.694585
-1.77551 0.639486
-1.65306 0.613695
-1.53061 0.624417
-1.40816 0.654774
-1.28571 0.68159
-1.16327 0.690119
-1.04082 0.680669
-0.918367 0.666816
-0.795918 0.667941
-0.673469 0.70007
-0.55102 0.768668
-0.428571 0.865755
-0.306122 0.971925
-0.183673 1.06228
-0.0612245 1.11415
0.0612245 1.11415
0.183673 1.06228
0.306122 0.971925
0.428571 0.865755
0.55102 0.768668
0.673469 0.70007
0.795918 0.667941
0.918367 0.666816
1.04082 0.680669
1.16327 0.690119
1.28571 0.68159
1.40816 0.654774
1.53061 0.624417
1.65306 0.613695
1.77551 0.639486
1.89796 0.694585
2.02041 0.737263
2.14286 0.702462
2.26531 0.54753
2.38776 0.332709
2.5102 0.303839
2.63265 0.8795
2.7551 2.33016
2.87755 3.7507
3 0.641105
