-1 12.0433
-0.959184 6.37686
-0.918367 2.89488
-0.877551 0.715276
-0.836735 -0.690347
-0.795918 -1.63221
-0.755102 -2.28934
-0.714286 -2.76397
-0.673469 -3.11462
-0.632653 -3.37542
-0.591837 -3.56714
-0.55102 -3.7031
-0.510204 -3.79229
-0.469388 -3.8409
-0.428571 -3.85319
-0.387755 -3.832
-0.346939 -3.77906
-0.306122 -3.69535
-0.265306 -3.58138
-0.22449 -3.43743
-0.183673 -3.26377
-0.142857 -3.06083
-0.102041 -2.82932
-0.0612245 -2.5703
-0.0204082 -2.28523
0.0204082 -1.97598
0.0612245 -1.64484
0.102041 -1.29451
0.142857 -0.928093
0.183673 -0.54907
0.22449 -0.161275
0.265306 0.231134
0.306122 0.623708
0.346939 1.01174
0.387755 1.39032
0.428571 1.75432
0.469388 2.09845
0.510204 2.41724
0.55102 2.70488
0.591837 2.95498
0.632653 3.15979
0.673469 3.30873
0.714286 3.38517
0.755102 3.36054
0.795918 3.18327
0.836735 2.75951
0.877551 1.92021
0.918367 0.366874
0.959184 -2.41567
1 -7.29607
