-1 0.664477
-0.959184 0.637309
-0.918367 0.602472
-0.877551 0.56813
-0.836735 0.53888
-0.795918 0.517074
-0.755102 0.503683
-0.714286 0.49886
-0.673469 0.50229
-0.632653 0.513399
-0.591837 0.531482
-0.55102 0.555769
-0.510204 0.585459
-0.469388 0.61974
-0.428571 0.657798
-0.387755 0.698825
-0.346939 0.742025
-0.306122 0.786623
-0.265306 0.831875
-0.22449 0.877073
-0.183673 0.92156
-0.142857 0.964739
-0.102041 1.00607
-0.0612245 1.0451
-0.0204082 1.08144
0.0204082 1.11476
0.0612245 1.14482
0.102041 1.17146
0.142857 1.19455
0.183673 1.21405
0.22449 1.22993
0.265306 1.24223
0.306122 1.25099
0.346939 1.25629
0.387755 1.2582
0.428571 1.2568
0.469388 1.25213
0.510204 1.24425
0.55102 1.23315
0.591837 1.21884
0.632653 1.20124
0.673469 1.1803
0.714286 1.15596
0.755102 1.12825
0.795918 1.09741
0.836735 1.06414
0.877551 1.03001
0.918367 0.998102
0.959184 0.974175
1 0.968349
