-1 1
-0.984252 1
-0.984252 1
-0.968504 1
-0.968504 1
-0.952756 1
-0.952756 1
-0.937008 1
-0.937008 1
-0.92126 1
-0.92126 1
-0.905512 1
-0.905512 1
-0.889764 1
-0.889764 1
-0.874016 1
-0.874016 1
-0.858268 1
-0.858268 1
-0.84252 1
-0.84252 1
-0.826772 1
-0.826772 1
-0.811024 1
-0.811024 1
-0.795276 1
-0.795276 1
-0.779528 1
-0.779528 1
-0.76378 1
-0.76378 1
-0.748031 1
-0.748031 1
-0.732283 1
-0.732283 1
-0.716535 1
-0.716535 1
-0.700787 1
-0.700787 1
-0.685039 1
-0.685039 1
-0.669291 1
-0.669291 1
-0.653543 1
-0.653543 1
-0.637795 1
-0.637795 1
-0.622047 1
-0.622047 1
-0.606299 1
-0.606299 1
-0.590551 1
-0.590551 1
-0.574803 1
-0.574803 1
-0.559055 1
-0.559055 1
-0.543307 1
-0.543307 1
-0.527559 1
-0.527559 1
-0.511811 1
-0.511811 1
-0.496063 1
-0.496063 1
-0.480315 1
-0.480315 1
-0.464567 1
-0.464567 1
-0.448819 1
-0.448819 1
-0.433071 1
-0.433071 1
-0.417323 1
-0.417323 1
-0.401575 1
-0.401575 1
-0.385827 1
-0.385827 1
-0.370079 1
-0.370079 1
-0.354331 1
-0.354331 1
-0.338583 1
-0.338583 1
-0.322835 1
-0.322835 1
-0.307087 1
-0.307087 1
-0.291339 1
-0.291339 1
-0.275591 1
-0.275591 1
-0.259843 1
-0.259843 1
-0.244094 1
-0.244094 1
-0.228346 1
-0.228346 1
-0.212598 1
-0.212598 1
-0.19685 1
-0.19685 1
-0.181102 1
-0.181102 1
-0.165354 1
-0.165354 1
-0.149606 1
-0.149606 1
-0.133858 1
-0.133858 1
-0.11811 1
-0.11811 1
-0.102362 1
-0.102362 1
-0.0866142 1
-0.0866142 1
-0.0708661 1
-0.0708661 1
-0.0551181 1
-0.0551181 1
-0.0393701 1
-0.0393701 1
-0.023622 1
-0.023622 1
-0.00787402 1
-0.00787402 1
0.00787402 1
0.00787402 1
0.023622 1
0.023622 1
0.0393701 1
0.0393701 1
0.0551181 1
0.0551181 1
0.0708661 1
0.0708661 1
0.0866142 1
0.0866142 1
0.102362 1
0.102362 1
0.11811 1
0.11811 1
0.133858 1
0.133858 1
0.149606 1
0.149606 1
0.165354 1
0.165354 1
0.181102 1
0.181102 1
0.19685 1
0.19685 1
0.212598 1
0.212598 1
0.228346 1
0.228346 1
0.244094 1
0.244094 1
0.259843 1
0.259843 1
0.275591 1
0.275591 1
0.291339 1
0.291339 1
0.307087 1
0.307087 1
0.322835 1
0.322835 1
0.338583 1
0.338583 1
0.354331 1
0.354331 1
0.370079 1
0.370079 1
0.385827 1
0.385827 1
0.401575 1
0.401575 1
0.417323 1
0.417323 1
0.433071 1
0.433071 1
0.448819 1
0.448819 1
0.464567 1
0.464567 1
0.480315 1
0.480315 1
0.496063 1
0.496063 1
0.511811 1
0.511811 1
0.527559 1
0.527559 1
0.543307 1
0.543307 1
0.559055 1
0.559055 1
0.574803 1
0.574803 1
0.590551 1
0.590551 1
0.606299 1
0.606299 1
0.622047 1
0.622047 1
0.637795 1
0.637795 1
0.653543 1
0.653543 1
0.669291 1
0.669291 1
0.685039 1
0.685039 1
0.700787 1
0.700787 1
0.716535 1
0.716535 1
0.732283 1
0.732283 1
0.748031 1
0.748031 1
0.76378 1
0.76378 1
0.779528 1
0.779528 1
0.795276 1
0.795276 1
0.811024 1
0.811024 1
0.826772 1
0.826772 1
0.84252 1
0.84252 1
0.858268 1
0.858268 1
0.874016 1
0.874016 1
0.889764 1
0.889764 1
0.905512 1
0.905512 1
0.92126 1
0.92126 1
0.937008 1
0.937008 1
0.952756 1
0.952756 1
0.968504 1
0.968504 1
0.984252 1
0.984252 1
1 1
