-1 1
-0.990783 1
-0.981567 1
-0.97235 1
-0.963134 1
-0.953917 1
-0.9447 1
-0.935484 1
-0.935484 1
-0.926267 1
-0.917051 1
-0.907834 1
-0.898618 1
-0.889401 1
-0.880184 1
-0.870968 1
-0.870968 1
-0.861751 1
-0.852535 1
-0.843318 1
-0.834101 1
-0.824885 1
-0.815668 1
-0.806452 1
-0.806452 1
-0.797235 1
-0.788018 1
-0.778802 1
-0.769585 1
-0.760369 1
-0.751152 1
-0.741935 1
-0.741935 1
-0.732719 1
-0.723502 1
-0.714286 1
-0.705069 1
-0.695853 1
-0.686636 1
-0.677419 1
-0.677419 1
-0.668203 1
-0.658986 1
-0.64977 1
-0.640553 1
-0.631336 1
-0.62212 1
-0.612903 1
-0.612903 1
-0.603687 1
-0.59447 1
-0.585253 1
-0.576037 1
-0.56682 1
-0.557604 1
-0.548387 1
-0.548387 1
-0.539171 1
-0.529954 1
-0.520737 1
-0.511521 1
-0.502304 1
-0.493088 1
-0.483871 1
-0.483871 1
-0.474654 1
-0.465438 1
-0.456221 1
-0.447005 1
-0.437788 1
-0.428571 1
-0.419355 1
-0.419355 1
-0.410138 1
-0.400922 1
-0.391705 1
-0.382488 1
-0.373272 1
-0.364055 1
-0.354839 1
-0.354839 1
-0.345622 1
-0.336406 1
-0.327189 1
-0.317972 1
-0.308756 1
-0.299539 1
-0.290323 1
-0.290323 1
-0.281106 1
-0.271889 1
-0.262673 1
-0.253456 1
-0.24424 1
-0.235023 1
-0.225806 1
-0.225806 1
-0.21659 1
-0.207373 1
-0.198157 1
-0.18894 1
-0.179724 1
-0.170507 1
-0.16129 1
-0.16129 1
-0.152074 1
-0.142857 1
-0.133641 1
-0.124424 1
-0.115207 1
-0.105991 1
-0.0967742 1
-0.0967742 1
-0.0875576 1
-0.078341 1
-0.0691244 1
-0.0599078 1
-0.0506912 1
-0.0414747 1
-0.0322581 1
-0.0322581 1
-0.0230415 1
-0.0138249 1
-0.00460829 1
0.00460829 1
0.0138249 1
0.0230415 1
0.0322581 1
0.0322581 1
0.0414747 1
0.0506912 1
0.0599078 1
0.0691244 1
0.078341 1
0.0875576 1
0.0967742 1
0.0967742 1
0.105991 1
0.115207 1
0.124424 1
0.133641 1
0.142857 1
0.152074 1
0.16129 1
0.16129 1
0.170507 1
0.179724 1
0.18894 1
0.198157 1
0.207373 1
0.21659 1
0.225806 1
0.225806 1
0.235023 1
0.24424 1
0.253456 1
0.262673 1
0.271889 1
0.281106 1
0.290323 1
0.290323 1
0.299539 1
0.308756 1
0.317972 1
0.327189 1
0.336406 1
0.345622 1
0.354839 1
0.354839 1
0.364055 1
0.373272 1
0.382488 1
0.391705 1
0.400922 1
0.410138 1
0.419355 1
0.419355 1
0.428571 1
0.437788 1
0.447005 1
0.456221 1
0.465438 1
0.474654 1
0.483871 1
0.483871 1
0.493088 1
0.502304 1
0.511521 1
0.520737 1
0.529954 1
0.539171 1
0.548387 1
0.548387 1
0.557604 1
0.56682 1
0.576037 1
0.585253 1
0.59447 1
0.603687 1
0.612903 1
0.612903 1
0.62212 1
0.631336 1
0.640553 1
0.64977 1
0.658986 1
0.668203 1
0.677419 1
0.677419 1
0.686636 1
0.695853 1
0.705069 1
0.714286 1
0.723502 1
0.732719 1
0.741935 1
0.741935 1
0.751152 1
0.760369 1
0.769585 1
0.778802 1
0.788018 1
0.797235 1
0.806452 1
0.806452 1
0.815668 1
0.824885 1
0.834101 1
0.843318 1
0.852535 1
0.861751 1
0.870968 1
0.870968 1
0.880184 1
0.889401 1
0.898618 1
0.907834 1
0.917051 1
0.926267 1
0.935484 1
0.935484 1
0.9447 1
0.953917 1
0.963134 1
0.97235 1
0.981567 1
0.990783 1
1 1
