-1 1
-0.989418 1
-0.978836 1
-0.968254 1
-0.957672 1
-0.94709 1
-0.936508 1
-0.925926 1
-0.915344 1
-0.904762 1
-0.89418 1
-0.883598 1
-0.873016 1
-0.862434 1
-0.851852 1
-0.84127 1
-0.830688 1
-0.820106 1
-0.809524 1
-0.798942 1
-0.78836 1
-0.777778 1
-0.767196 1
-0.756614 1
-0.746032 1
-0.73545 1
-0.724868 1
-0.714286 1
-0.703704 1
-0.693122 1
-0.68254 1
-0.671958 1
-0.661376 1
-0.650794 1
-0.640212 1
-0.62963 1
-0.619048 1
-0.608466 1
-0.597884 1
-0.587302 1
-0.57672 1
-0.566138 1
-0.555556 1
-0.544974 1
-0.534392 1
-0.52381 1
-0.513228 1
-0.502646 1
-0.492063 1
-0.481481 1
-0.470899 1
-0.460317 1
-0.449735 1
-0.439153 1
-0.428571 1
-0.417989 1
-0.407407 1
-0.396825 1
-0.386243 1
-0.375661 1
-0.365079 1
-0.354497 1
-0.343915 1
-0.333333 1
-0.333333 1
-0.322751 1
-0.312169 1
-0.301587 1
-0.291005 1
-0.280423 1
-0.269841 1
-0.259259 1
-0.248677 1
-0.238095 1
-0.227513 1
-0.216931 1
-0.206349 1
-0.195767 1
-0.185185 1
-0.174603 1
-0.164021 1
-0.153439 1
-0.142857 1
-0.132275 1
-0.121693 1
-0.111111 1
-0.100529 1
-0.0899471 1
-0.0793651 1
-0.0687831 1
-0.0582011 1
-0.047619 1
-0.037037 1
-0.026455 1
-0.015873 1
-0.00529101 1
0.00529101 1
0.015873 1
0.026455 1
0.037037 1
0.047619 1
0.0582011 1
0.0687831 1
0.0793651 1
0.0899471 1
0.100529 1
0.111111 1
0.121693 1
0.132275 1
0.142857 1
0.153439 1
0.164021 1
0.174603 1
0.185185 1
0.195767 1
0.206349 1
0.216931 1
0.227513 1
0.238095 1
0.248677 1
0.259259 1
0.269841 1
0.280423 1
0.291005 1
0.301587 1
0.312169 1
0.322751 1
0.333333 1
0.333333 1
0.343915 1
0.354497 1
0.365079 1
0.375661 1
0.386243 1
0.396825 1
0.407407 1
0.417989 1
0.428571 1
0.439153 1
0.449735 1
0.460317 1
0.470899 1
0.481481 1
0.492063 1
0.502646 1
0.513228 1
0.52381 1
0.534392 1
0.544974 1
0.555556 1
0.566138 1
0.57672 1
0.587302 1
0.597884 1
0.608466 1
0.619048 1
0.62963 1
0.640212 1
0.650794 1
0.661376 1
0.671958 1
0.68254 1
0.693122 1
0.703704 1
0.714286 1
0.724868 1
0.73545 1
0.746032 1
0.756614 1
0.767196 1
0.777778 1
0.78836 1
0.798942 1
0.809524 1
0.820106 1
0.830688 1
0.84127 1
0.851852 1
0.862434 1
0.873016 1
0.883598 1
0.89418 1
0.904762 1
0.915344 1
0.925926 1
0.936508 1
0.94709 1
0.957672 1
0.968254 1
0.978836 1
0.989418 1
1 1
