0.998795 0.0385508
0.997421 0.0387421
0.996047 0.038884
0.994673 0.0389914
0.993299 0.039076
0.991925 0.0391469
0.990551 0.0392113
0.989177 0.0392746
0.989177 0.0392746
0.986441 0.039411
0.983706 0.0395744
0.980971 0.0397698
0.978236 0.0399947
0.975501 0.0402428
0.972766 0.040506
0.970031 0.0407764
0.970031 0.0407764
0.965962 0.0411772
0.961892 0.0415621
0.957822 0.0419229
0.953753 0.0422584
0.949683 0.0425731
0.945614 0.0428749
0.941544 0.043173
0.941544 0.043173
0.936179 0.0435752
0.930814 0.0440031
0.925449 0.0444669
0.920084 0.0449697
0.914719 0.0455088
0.909354 0.0460768
0.903989 0.0466637
0.903989 0.0466637
0.897381 0.0473976
0.890772 0.048128
0.884163 0.0488436
0.877555 0.0495403
0.870946 0.0502204
0.864337 0.050892
0.857729 0.0515664
0.857729 0.0515664
0.84994 0.0523823
0.842151 0.0532389
0.834362 0.0541503
0.826574 0.0551237
0.818785 0.0561587
0.810996 0.0572486
0.803208 0.058382
0.803208 0.058382
0.794314 0.0597125
0.78542 0.0610636
0.776526 0.0624213
0.767632 0.0637791
0.758739 0.065139
0.749845 0.066511
0.740951 0.0679107
0.740951 0.0679107
0.731038 0.0695269
0.721125 0.0712275
0.711212 0.0730344
0.701298 0.0749617
0.691385 0.077014
0.681472 0.0791867
0.671559 0.0814678
0.671559 0.0814678
0.660722 0.0840665
0.649885 0.0867538
0.639048 0.0895131
0.628211 0.092337
0.617373 0.0952301
0.606536 0.0982094
0.595699 0.101302
0.595699 0.101302
0.584043 0.104796
0.572386 0.108507
0.560729 0.112478
0.549073 0.116744
0.537416 0.121324
0.525759 0.126228
0.514103 0.131449
0.514103 0.131449
0.501739 0.137318
0.489375 0.143512
0.477011 0.150018
0.464647 0.156839
0.452283 0.163996
0.439919 0.171537
0.427555 0.179531
0.427555 0.179531
0.414603 0.188484
0.401651 0.198141
0.388699 0.20862
0.375746 0.220025
0.362794 0.232449
0.349842 0.245957
0.33689 0.260595
0.33689 0.260595
0.323474 0.276978
0.310059 0.294625
0.296643 0.313566
0.283227 0.333851
0.269812 0.355569
0.256396 0.378853
0.24298 0.40388
0.24298 0.40388
0.22923 0.43156
0.21548 0.461533
0.20173 0.494015
0.18798 0.52916
0.17423 0.567002
0.16048 0.60742
0.14673 0.650091
0.14673 0.650091
0.132779 0.695129
0.118827 0.741109
0.104875 0.786985
0.0909232 0.831521
0.0769713 0.873348
0.0630195 0.911044
0.0490677 0.943226
0.0490677 0.943226
0.0350483 0.968746
0.021029 0.986385
0.00700967 0.995399
-0.00700967 0.995399
-0.021029 0.986385
-0.0350483 0.968746
-0.0490677 0.943226
-0.0490677 0.943226
-0.0630195 0.911044
-0.0769713 0.873348
-0.0909232 0.831521
-0.104875 0.786985
-0.118827 0.741109
-0.132779 0.695129
-0.14673 0.650091
-0.14673 0.650091
-0.16048 0.60742
-0.17423 0.567002
-0.18798 0.52916
-0.20173 0.494015
-0.21548 0.461533
-0.22923 0.43156
-0.24298 0.40388
-0.24298 0.40388
-0.256396 0.378853
-0.269812 0.355569
-0.283227 0.333851
-0.296643 0.313566
-0.310059 0.294625
-0.323474 0.276978
-0.33689 0.260595
-0.33689 0.260595
-0.349842 0.245957
-0.362794 0.232449
-0.375746 0.220025
-0.388699 0.20862
-0.401651 0.198141
-0.414603 0.188484
-0.427555 0.179531
-0.427555 0.179531
-0.439919 0.171537
-0.452283 0.163996
-0.464647 0.156839
-0.477011 0.150018
-0.489375 0.143512
-0.501739 0.137318
-0.514103 0.131449
-0.514103 0.131449
-0.525759 0.126228
-0.537416 0.121324
-0.549073 0.116744
-0.560729 0.112478
-0.572386 0.108507
-0.584043 0.104796
-0.595699 0.101302
-0.595699 0.101302
-0.606536 0.0982094
-0.617373 0.0952301
-0.628211 0.092337
-0.639048 0.0895131
-0.649885 0.0867538
-0.660722 0.0840665
-0.671559 0.0814678
-0.671559 0.0814678
-0.681472 0.0791867
-0.691385 0.077014
-0.701298 0.0749617
-0.711212 0.0730344
-0.721125 0.0712275
-0.731038 0.0695269
-0.740951 0.0679107
-0.740951 0.0679107
-0.749845 0.066511
-0.758739 0.065139
-0.767632 0.0637791
-0.776526 0.0624213
-0.78542 0.0610636
-0.794314 0.0597125
-0.803208 0.058382
-0.803208 0.058382
-0.810996 0.0572486
-0.818785 0.0561587
-0.826574 0.0551237
-0.834362 0.0541503
-0.842151 0.0532389
-0.84994 0.0523823
-0.857729 0.0515664
-0.857729 0.0515664
-0.864337 0.050892
-0.870946 0.0502204
-0.877555 0.0495403
-0.884163 0.0488436
-0.890772 0.048128
-0.897381 0.0473976
-0.903989 0.0466637
-0.903989 0.0466637
-0.909354 0.0460768
-0.914719 0.0455088
-0.920084 0.0449697
-0.925449 0.0444669
-0.930814 0.0440031
-0.936179 0.0435752
-0.941544 0.043173
-0.941544 0.043173
-0.945614 0.0428749
-0.949683 0.0425731
-0.953753 0.0422584
-0.957822 0.0419229
-0.961892 0.0415621
-0.965962 0.0411772
-0.970031 0.0407764
-0.970031 0.0407764
-0.972766 0.040506
-0.975501 0.0402428
-0.978236 0.0399947
-0.980971 0.0397698
-0.983706 0.0395744
-0.986441 0.039411
-0.989177 0.0392746
-0.989177 0.0392746
-0.990551 0.0392113
-0.991925 0.0391469
-0.993299 0.039076
-0.994673 0.0389914
-0.996047 0.038884
-0.997421 0.0387421
-0.998795 0.0385508
