0.980785 0.0399226
0.975969 0.0432305
0.971152 0.0462329
0.966335 0.048944
0.961519 0.0513776
0.956702 0.0535472
0.951885 0.055466
0.947069 0.0571469
0.942252 0.0586024
0.937436 0.059845
0.932619 0.0608867
0.927802 0.0617391
0.922986 0.0624136
0.918169 0.0629216
0.913352 0.0632738
0.908536 0.0634808
0.903719 0.063553
0.898902 0.0635004
0.894086 0.0633329
0.889269 0.06306
0.884453 0.0626909
0.879636 0.0622348
0.874819 0.0617003
0.870003 0.0610961
0.865186 0.0604303
0.860369 0.0597111
0.855553 0.0589462
0.850736 0.0581433
0.84592 0.0573096
0.841103 0.0564522
0.836286 0.0555782
0.83147 0.054694
0.83147 0.054694
0.82257 0.0530554
0.81367 0.0514429
0.80477 0.0498929
0.79587 0.0484392
0.78697 0.0471135
0.77807 0.045945
0.76917 0.044961
0.76027 0.0441863
0.75137 0.043644
0.74247 0.043355
0.73357 0.0433384
0.72467 0.0436111
0.71577 0.0441886
0.70687 0.0450843
0.69797 0.0463102
0.68907 0.0478763
0.68017 0.0497914
0.67127 0.0520623
0.66237 0.0546948
0.65347 0.0576929
0.64457 0.0610595
0.63567 0.064796
0.62677 0.0689026
0.61787 0.0733783
0.60897 0.0782209
0.60007 0.0834272
0.59117 0.0889927
0.58227 0.094912
0.57337 0.101179
0.56447 0.107786
0.55557 0.114726
0.55557 0.114726
0.543942 0.124278
0.532313 0.13436
0.520685 0.144947
0.509057 0.156014
0.497428 0.167532
0.4858 0.179473
0.474172 0.191805
0.462543 0.204497
0.450915 0.217513
0.439286 0.230821
0.427658 0.244385
0.41603 0.258169
0.404401 0.272136
0.392773 0.286248
0.381144 0.300469
0.369516 0.31476
0.357888 0.329084
0.346259 0.343403
0.334631 0.357678
0.323003 0.371872
0.311374 0.385949
0.299746 0.39987
0.288117 0.4136
0.276489 0.427103
0.264861 0.440343
0.253232 0.453287
0.241604 0.465901
0.229975 0.478153
0.218347 0.490011
0.206719 0.501444
0.19509 0.512425
0.19509 0.512425
0.182504 0.523767
0.169917 0.534511
0.157331 0.544626
0.144744 0.554081
0.132158 0.56285
0.119571 0.570905
0.106985 0.578223
0.0943985 0.584783
0.0818121 0.590566
0.0692256 0.595554
0.0566391 0.599734
0.0440527 0.603092
0.0314662 0.605619
0.0188797 0.607308
0.00629324 0.608154
-0.00629324 0.608154
-0.0188797 0.607308
-0.0314662 0.605619
-0.0440527 0.603092
-0.0566391 0.599734
-0.0692256 0.595554
-0.0818121 0.590566
-0.0943985 0.584783
-0.106985 0.578223
-0.119571 0.570905
-0.132158 0.56285
-0.144744 0.554081
-0.157331 0.544626
-0.169917 0.534511
-0.182504 0.523767
-0.19509 0.512425
-0.19509 0.512425
-0.206719 0.501444
-0.218347 0.490011
-0.229975 0.478153
-0.241604 0.465901
-0.253232 0.453287
-0.264861 0.440343
-0.276489 0.427103
-0.288117 0.4136
-0.299746 0.39987
-0.311374 0.385949
-0.323003 0.371872
-0.334631 0.357678
-0.346259 0.343403
-0.357888 0.329084
-0.369516 0.31476
-0.381144 0.300469
-0.392773 0.286248
-0.404401 0.272136
-0.41603 0.258169
-0.427658 0.244385
-0.439286 0.230821
-0.450915 0.217513
-0.462543 0.204497
-0.474172 0.191805
-0.4858 0.179473
-0.497428 0.167532
-0.509057 0.156014
-0.520685 0.144947
-0.532313 0.13436
-0.543942 0.124278
-0.55557 0.114726
-0.55557 0.114726
-0.56447 0.107786
-0.57337 0.101179
-0.58227 0.094912
-0.59117 0.0889927
-0.60007 0.0834272
-0.60897 0.0782209
-0.61787 0.0733783
-0.62677 0.0689026
-0.63567 0.064796
-0.64457 0.0610595
-0.65347 0.0576929
-0.66237 0.0546948
-0.67127 0.0520623
-0.68017 0.0497914
-0.68907 0.0478763
-0.69797 0.0463102
-0.70687 0.0450843
-0.71577 0.0441886
-0.72467 0.0436111
-0.73357 0.0433384
-0.74247 0.043355
-0.75137 0.043644
-0.76027 0.0441863
-0.76917 0.044961
-0.77807 0.045945
-0.78697 0.0471135
-0.79587 0.0484392
-0.80477 0.0498929
-0.81367 0.0514429
-0.82257 0.0530554
-0.83147 0.054694
-0.83147 0.054694
-0.836286 0.0555782
-0.841103 0.0564522
-0.84592 0.0573096
-0.850736 0.0581433
-0.855553 0.0589462
-0.860369 0.0597111
-0.865186 0.0604303
-0.870003 0.0610961
-0.874819 0.0617003
-0.879636 0.0622348
-0.884453 0.0626909
-0.889269 0.06306
-0.894086 0.0633329
-0.898902 0.0635004
-0.903719 0.063553
-0.908536 0.0634808
-0.913352 0.0632738
-0.918169 0.0629216
-0.922986 0.0624136
-0.927802 0.0617391
-0.932619 0.0608867
-0.937436 0.059845
-0.942252 0.0586024
-0.947069 0.0571469
-0.951885 0.055466
-0.956702 0.0535472
-0.961519 0.0513776
-0.966335 0.048944
-0.971152 0.0462329
-0.975969 0.0432305
-0.980785 0.0399226
