0.995185 0.0388202
0.992635 0.0401913
0.990085 0.0412645
0.987536 0.0420787
0.984986 0.0426695
0.982437 0.0430693
0.979887 0.0433077
0.977337 0.0434116
0.974788 0.0434053
0.972238 0.0433106
0.969688 0.0431473
0.967139 0.042933
0.964589 0.0426833
0.96204 0.0424121
0.95949 0.0421316
0.95694 0.0418526
0.95694 0.0418526
0.951939 0.0413437
0.946938 0.0409302
0.941937 0.0406513
0.936935 0.040532
0.931934 0.0405861
0.926933 0.0408175
0.921931 0.0412229
0.91693 0.0417926
0.911929 0.0425128
0.906928 0.043366
0.901926 0.0443327
0.896925 0.045392
0.891924 0.0465225
0.886923 0.0477029
0.881921 0.0489126
0.881921 0.0489126
0.874661 0.0506811
0.8674 0.0524162
0.860139 0.0540715
0.852878 0.0556098
0.845618 0.0570032
0.838357 0.0582329
0.831096 0.0592895
0.823835 0.0601719
0.816575 0.0608867
0.809314 0.0614472
0.802053 0.0618724
0.794793 0.0621859
0.787532 0.0624151
0.780271 0.0625896
0.77301 0.0627407
0.77301 0.0627407
0.763769 0.0629488
0.754528 0.0632344
0.745287 0.0636579
0.736046 0.064274
0.726805 0.06513
0.717564 0.066264
0.708322 0.0677046
0.699081 0.0694699
0.68984 0.0715679
0.680599 0.0739963
0.671358 0.0767434
0.662117 0.0797887
0.652876 0.0831045
0.643634 0.0866562
0.634393 0.0904047
0.634393 0.0904047
0.623527 0.0950061
0.61266 0.0997475
0.601794 0.104556
0.590928 0.109361
0.580061 0.114098
0.569195 0.118713
0.558328 0.123161
0.547462 0.127413
0.536595 0.131454
0.525729 0.135285
0.514862 0.138925
0.503996 0.14241
0.49313 0.145793
0.482263 0.149144
0.471397 0.152547
0.471397 0.152547
0.459323 0.156509
0.447248 0.160809
0.435174 0.165612
0.4231 0.171093
0.411026 0.177433
0.398952 0.184813
0.386878 0.193408
0.374804 0.203385
0.36273 0.214898
0.350655 0.228078
0.338581 0.243038
0.326507 0.259862
0.314433 0.278603
0.302359 0.299284
0.290285 0.321892
0.290285 0.321892
0.277467 0.347947
0.264649 0.376017
0.251831 0.405953
0.239013 0.437562
0.226195 0.470608
0.213378 0.504816
0.20056 0.539875
0.187742 0.575444
0.174924 0.611156
0.162106 0.646626
0.149288 0.681456
0.136471 0.715239
0.123653 0.747574
0.110835 0.778065
0.0980171 0.806332
0.0980171 0.806332
0.0849482 0.832491
0.0718792 0.855616
0.0588103 0.875394
0.0457413 0.891554
0.0326724 0.903874
0.0196034 0.912184
0.00653448 0.916369
-0.00653448 0.916369
-0.0196034 0.912184
-0.0326724 0.903874
-0.0457413 0.891554
-0.0588103 0.875394
-0.0718792 0.855616
-0.0849482 0.832491
-0.0980171 0.806332
-0.0980171 0.806332
-0.110835 0.778065
-0.123653 0.747574
-0.136471 0.715239
-0.149288 0.681456
-0.162106 0.646626
-0.174924 0.611156
-0.187742 0.575444
-0.20056 0.539875
-0.213378 0.504816
-0.226195 0.470608
-0.239013 0.437562
-0.251831 0.405953
-0.264649 0.376017
-0.277467 0.347947
-0.290285 0.321892
-0.290285 0.321892
-0.302359 0.299284
-0.314433 0.278603
-0.326507 0.259862
-0.338581 0.243038
-0.350655 0.228078
-0.36273 0.214898
-0.374804 0.203385
-0.386878 0.193408
-0.398952 0.184813
-0.411026 0.177433
-0.4231 0.171093
-0.435174 0.165612
-0.447248 0.160809
-0.459323 0.156509
-0.471397 0.152547
-0.471397 0.152547
-0.482263 0.149144
-0.49313 0.145793
-0.503996 0.14241
-0.514862 0.138925
-0.525729 0.135285
-0.536595 0.131454
-0.547462 0.127413
-0.558328 0.123161
-0.569195 0.118713
-0.580061 0.114098
-0.590928 0.109361
-0.601794 0.104556
-0.61266 0.0997475
-0.623527 0.0950061
-0.634393 0.0904047
-0.634393 0.0904047
-0.643634 0.0866562
-0.652876 0.0831045
-0.662117 0.0797887
-0.671358 0.0767434
-0.680599 0.0739963
-0.68984 0.0715679
-0.699081 0.0694699
-0.708322 0.0677046
-0.717564 0.066264
-0.726805 0.06513
-0.736046 0.064274
-0.745287 0.0636579
-0.754528 0.0632344
-0.763769 0.0629488
-0.77301 0.0627407
-0.77301 0.0627407
-0.780271 0.0625896
-0.787532 0.0624151
-0.794793 0.0621859
-0.802053 0.0618724
-0.809314 0.0614472
-0.816575 0.0608867
-0.823835 0.0601719
-0.831096 0.0592895
-0.838357 0.0582329
-0.845618 0.0570032
-0.852878 0.0556098
-0.860139 0.0540715
-0.8674 0.0524162
-0.874661 0.0506811
-0.881921 0.0489126
-0.881921 0.0489126
-0.886923 0.0477029
-0.891924 0.0465225
-0.896925 0.045392
-0.901926 0.0443327
-0.906928 0.043366
-0.911929 0.0425128
-0.91693 0.0417926
-0.921931 0.0412229
-0.926933 0.0408175
-0.931934 0.0405861
-0.936935 0.040532
-0.941937 0.0406513
-0.946938 0.0409302
-0.951939 0.0413437
-0.95694 0.0418526
-0.95694 0.0418526
-0.95949 0.0421316
-0.96204 0.0424121
-0.964589 0.0426833
-0.967139 0.042933
-0.969688 0.0431473
-0.972238 0.0433106
-0.974788 0.0434053
-0.977337 0.0434116
-0.979887 0.0433077
-0.982437 0.0430693
-0.984986 0.0426695
-0.987536 0.0420787
-0.990085 0.0412645
-0.992635 0.0401913
-0.995185 0.0388202
