0.92388 0.0447651
0.915289 0.0485584
0.906699 0.0523163
0.898108 0.0560388
0.889518 0.0597258
0.880927 0.0633774
0.872337 0.0669935
0.863747 0.0705743
0.855156 0.0741195
0.846566 0.0776294
0.837975 0.0811038
0.829385 0.0845428
0.820795 0.0879463
0.812204 0.0913144
0.803614 0.0946471
0.795023 0.0979443
0.786433 0.101206
0.777842 0.104432
0.769252 0.107623
0.760662 0.110779
0.752071 0.113899
0.743481 0.116983
0.73489 0.120033
0.7263 0.123046
0.71771 0.126025
0.709119 0.128968
0.700529 0.131875
0.691938 0.134747
0.683348 0.137584
0.674758 0.140385
0.666167 0.14315
0.657577 0.145881
0.648986 0.148575
0.640396 0.151235
0.631805 0.153859
0.623215 0.156447
0.614625 0.159
0.606034 0.161518
0.597444 0.164
0.588853 0.166447
0.580263 0.168858
0.571673 0.171234
0.563082 0.173575
0.554492 0.17588
0.545901 0.178149
0.537311 0.180383
0.52872 0.182582
0.52013 0.184745
0.51154 0.186873
0.502949 0.188966
0.494359 0.191023
0.485768 0.193044
0.477178 0.19503
0.468588 0.196981
0.459997 0.198896
0.451407 0.200776
0.442816 0.20262
0.434226 0.204429
0.425636 0.206203
0.417045 0.207941
0.408455 0.209643
0.399864 0.211311
0.391274 0.212942
0.382683 0.214539
0.382683 0.214539
0.370535 0.216736
0.358386 0.218862
0.346237 0.220917
0.334089 0.222901
0.32194 0.224815
0.309791 0.226658
0.297643 0.228429
0.285494 0.23013
0.273345 0.23176
0.261197 0.23332
0.249048 0.234808
0.236899 0.236225
0.224751 0.237572
0.212602 0.238848
0.200453 0.240052
0.188305 0.241186
0.176156 0.242249
0.164007 0.243242
0.151859 0.244163
0.13971 0.245013
0.127561 0.245793
0.115412 0.246502
0.103264 0.24714
0.0911151 0.247707
0.0789664 0.248203
0.0668177 0.248628
0.0546691 0.248982
0.0425204 0.249266
0.0303717 0.249478
0.018223 0.24962
0.00607434 0.249691
-0.00607434 0.249691
-0.018223 0.24962
-0.0303717 0.249478
-0.0425204 0.249266
-0.0546691 0.248982
-0.0668177 0.248628
-0.0789664 0.248203
-0.0911151 0.247707
-0.103264 0.24714
-0.115412 0.246502
-0.127561 0.245793
-0.13971 0.245013
-0.151859 0.244163
-0.164007 0.243242
-0.176156 0.242249
-0.188305 0.241186
-0.200453 0.240052
-0.212602 0.238848
-0.224751 0.237572
-0.236899 0.236225
-0.249048 0.234808
-0.261197 0.23332
-0.273345 0.23176
-0.285494 0.23013
-0.297643 0.228429
-0.309791 0.226658
-0.32194 0.224815
-0.334089 0.222901
-0.346237 0.220917
-0.358386 0.218862
-0.370535 0.216736
-0.382683 0.214539
-0.382683 0.214539
-0.391274 0.212942
-0.399864 0.211311
-0.408455 0.209643
-0.417045 0.207941
-0.425636 0.206203
-0.434226 0.204429
-0.442816 0.20262
-0.451407 0.200776
-0.459997 0.198896
-0.468588 0.196981
-0.477178 0.19503
-0.485768 0.193044
-0.494359 0.191023
-0.502949 0.188966
-0.51154 0.186873
-0.52013 0.184745
-0.52872 0.182582
-0.537311 0.180383
-0.545901 0.178149
-0.554492 0.17588
-0.563082 0.173575
-0.571673 0.171234
-0.580263 0.168858
-0.588853 0.166447
-0.597444 0.164
-0.606034 0.161518
-0.614625 0.159
-0.623215 0.156447
-0.631805 0.153859
-0.640396 0.151235
-0.648986 0.148575
-0.657577 0.145881
-0.666167 0.14315
-0.674758 0.140385
-0.683348 0.137584
-0.691938 0.134747
-0.700529 0.131875
-0.709119 0.128968
-0.71771 0.126025
-0.7263 0.123046
-0.73489 0.120033
-0.743481 0.116983
-0.752071 0.113899
-0.760662 0.110779
-0.769252 0.107623
-0.777842 0.104432
-0.786433 0.101206
-0.795023 0.0979443
-0.803614 0.0946471
-0.812204 0.0913144
-0.820795 0.0879463
-0.829385 0.0845428
-0.837975 0.0811038
-0.846566 0.0776294
-0.855156 0.0741195
-0.863747 0.0705743
-0.872337 0.0669935
-0.880927 0.0633774
-0.889518 0.0597258
-0.898108 0.0560388
-0.906699 0.0523163
-0.915289 0.0485584
-0.92388 0.0447651
